0000 0000 0001 0100 0001 0100 0000 0001
0000 0000 0011 0110 0011 0110 0010 0011
0000 0001 1100 1000 1000 1001 1100 1000
0010 0011 0110 0010 0010 0011 0110 0010
1000 1000 1000 1001 1100 1001 1100 1000
0000 0000 0000 0001 0100 0001 0100 0000
1 2 v
1 6 v
1 7 f
2 4 v
3 6 v
3 7 f
4 1 v
4 3 v
4 5 f
4 8 v
5 2 f
5 4 v
5 8 v
5 7 f
5 1 v
2 2
2 3
3 2
3 3
3 4
3 5
4 4
5 5
5 6
6 6
2 5 2 6
2 7 3 7
2 3 3 3
4 6 4 7
4 7 5 7 
4 2 5 2
5 4 5 5
5 6 5 7
2 1
1 5
1 8
6 1
6 5
6 7

